# Created by Octave 3.6.4, Sat Nov 11 18:13:48 2017 ìåãû (ïWèÄéû) <unknown@L242-FMVdtp>
# name: y2
# type: matrix
# rows: 2001
# columns: 2
 0 1
 0.049979 0
 0.09983305250000001 0
 0.14943752236875 0
 0.1986683984315781 0
 0.2474026034983273 0
 0.2955183020563307 0
 0.3428952048591933 0
 0.389414869649908 0
 0.4349609972664978 0
 0.4794197223899215 0
 0.5226798982073705 0
 0.5646333742793011 0
 0.6051752669155334 0
 0.644204221384477 0
 0.6816226652999594 0
 0.717337052552192 0
 0.7512580971730442 0
 0.7833009965509636 0
 0.8133856434375059 0
 0.8414368262154544 0
 0.8673844169278643 0
 0.8911635465979546 0
 0.91271476740155 0
 0.9319842012866415 0
 0.9489236746685165 0
 0.9634908388637202 0
 0.9756492759617647 0
 0.9853685898699047 0
 0.9926244823033702 0
 0.9973988135310774 0
 0.9996796477249569 0
 0.999461282799524 0
 0.9967442646670922 0
 0.9915353858729927 0
 0.9838476686142109 0
 0.9737003321838937 0
 0.9611187449231168 0
 0.9461343608000321 0
 0.9287846407749475 0
 0.9091129591479255 0
 0.8871684951230338 0
 0.8630061098603346 0
 0.8366862093229847 0
 0.8082745932623274 0
 0.7778422907185144 0
 0.7454653824479052 0
 0.7112248107211762 0
 0.6752061769676443 0
 0.6374995277716934 0
 0.5981991297563132 0
 0.5574032339165421 0
 0.5152138299919797 0
 0.4717363914924374 0
 0.427079612014164 0
 0.3813551335058553 0
 0.3346772671637819 0
 0.287162707653799 0
 0.2389302413746817 0
 0.1901004494921276 0
 0.1407954064858433 0
 0.09113837496334432 0
 0.04125349750343701 0
 -0.008734513700228874 0
 -0.05870068861964419 0
 -0.1085201118175104 0
 -0.1580682347358328 0
 -0.2072211870673157 0
 -0.2558560864311302 0
 -0.3038513455788671 0
 -0.3510869763626567 0
 -0.3974448897055398 0
 -0.442809190824159 0
 -0.4870664689657179 0
 -0.5301060809348626 0
 -0.57182042770167 0
 -0.6121052233992232 0
 -0.6508597560382784 0
 -0.6879871392872379 0
 -0.7233945546879793 0
 -0.7569934837020009 0
 -0.7886999290067677 0
 -0.8184346244890175 0
 -0.8461232334100449 0
 -0.8716965342475473 0
 -0.895090593749431 0
 -0.9162469267669411 0
 -0.9351126424675339 0
 -0.951640576561958 0
 -0.9657894092149774 0
 -0.9775237683449594 0
 -0.986814318054079 0
 -0.9936378319680637 0
 -0.9979772513021282 0
 -0.9998217275079375 0
 -0.999166649394977 0
 -0.9960136546585292 0
 -0.9903706257854351 0
 -0.9822516703478774 0
 -0.97167708573445 0
 -0.9586733084066865 0
 -0.9432728478079063 0
 -0.9255142050896064 0
 -0.9054417768585824 0
 -0.883105744185412 0
 -0.8585619471517781 0
 -0.8318717452502649 0
 -0.8031018639856259 0
 -0.772324228061023 0
 -0.7396157815662675 0
 -0.7050582956175964 0
 -0.6687381639298812 0
 -0.6307461868323414 0
 -0.5911773442677207 0
 -0.5501305583424307 0
 -0.5077084460212847 0
 -0.4640170625850855 0
 -0.4191656364924236 0
 -0.3732662963085306 0
 -0.3264337903838663 0
 -0.2787851999832425 0
 -0.2304396465826605 0
 -0.1815179940656219 0
 -0.1321425465634192 0
 -0.08243674269480794 0
 -0.0325248469694597 0
 0.01746836087331219 0
 0.0674178978139008 0
 0.1171988900099547 0
 0.1666868849809836 0
 0.2157581627395601 0
 0.2642900450912877 0
 0.3121612023302872 0
 0.3592519565634609 0
 0.405444580905226 0
 0.4506235937947281 0
 0.4946760476997433 0
 0.5374918114855093 0
 0.5789638457425614 0
 0.6189884703852572 0
 0.6574656238519898 0
 0.6942991132590924 0
 0.7293968548830474 0
 0.7626711043697948 0
 0.7940386760956177 0
 0.8234211511312016 0
 0.8507450732889577 0
 0.8759421327634914 0
 0.8989493369061166 0
 0.9197091677064765 0
 0.9381697255875703 0
 0.9542848591546952 0
 0.9680142805739334 0
 0.9793236662917367 0
 0.9881847428438109 0
 0.9945753575387756 0
 0.9984795338398933 0
 0.9998875113064113 0
 0.9987957699946632 0
 0.9952070392579285 0
 0.9891302909230491 0
 0.9805807168608619 0
 0.9695796910065226 0
 0.9561547159246672 0
 0.9403393540530001 0
 0.9221731437962005 0
 0.9017015006799105 0
 0.8789756038119209 0
 0.8540522679344014 0
 0.8269938013870458 0
 0.7978678503362227 0
 0.7667472296595589 0
 0.7337097409087463 0
 0.6988379778056618 0
 0.6622191197580631 0
 0.6239447139110693 0
 0.5841104462792979 0
 0.5428159025318281 0
 0.5001643190280287 0
 0.4562623247266593 0
 0.4112196746134732 0
 0.3651489753137535 0
 0.3181654035757493 0
 0.2703864183288058 0
 0.2219314670360404 0
 0.1729216870756848 0
 0.1234796028976401 0
 0.07372881971235126 0
 0.02379371447778156 0
 -0.0262008750429826 0
 -0.07612996237613931 0
 -0.1258687248033557 0
 -0.1752928154185637 0
 -0.2242786739952252 0
 -0.2727038358868987 0
 -0.320447238188855 0
 -0.3673895223953392 0
 -0.413413332795835 0
 -0.4584036098643414 0
 -0.5022478779081869 0
 -0.5448365262572621 0
 -0.5860630832906941 0
 -0.6258244826158994 0
 -0.6640213207345649 0
 -0.7005581055513941 0
 -0.7353434951043449 0
 -0.768290525919535 0
 -0.7993168304199261 0
 -0.8283448428442675 0
 -0.8553019931614982 0
 -0.8801208884958254 0
 -0.9027394816089129 0
 -0.9231012260179783 0
 -0.9411552173619988 0
 -0.9568563206626144 0
 -0.9701652831615735 0
 -0.9810488324526288 0
 -0.9894797596625524 0
 -0.9954369874733198 0
 -0.9989056228154039 0
 -0.9998769941004495 0
 -0.998348672900244 0
 -0.994324480017788 0
 -0.9878144759352876 0
 -0.9788349356629491 0
 -0.9674083080514533 0
 -0.9535631596698289 0
 -0.9373341033890299 0
 -0.9187617118497584 0
 -0.8978924160308626 0
 -0.8747783891718897 0
 -0.849477416339987 0
 -0.8220527499672343 0
 -0.7925729517195637 0
 -0.7611117210925942 0
 -0.7277477111628932 0
 -0.692564331955285 0
 -0.6556495419177886 0
 -0.6170956280254978 0
 -0.5769989750631432 0
 -0.5354598246631308 0
 -0.4925820247014605 0
 -0.4484727696780366 0
 -0.4032423327304177 0
 -0.3570037899509727 0
 -0.3098727376966504 0
 -0.2619670035980865 0
 -0.2134063519905274 0
 -0.164312184502992 0
 -0.1148072365541992 0
 -0.06501527051402084 0
 -0.01506076629755745 0
 0.03493138983464983 0
 0.08483621749227049 0
 0.1345289546061605 0
 0.1838853693335351 0
 0.2327820706375759 0
 0.2810968167650227 0
 0.328708820850557 0
 0.3754990528839649 0
 0.4213505372851629 0
 0.4661486453431479 0
 0.5097813817877752 0
 0.5521396647779332 0
 0.5931175986061463 0
 0.6326127384378441 0
 0.6705263464234472 0
 0.7067636385429917 0
 0.7412340215661788 0
 0.7738513195354505 0
 0.8045339892058836 0
 0.833205323903302 0
 0.8597936452909623 0
 0.884232482565395 0
 0.9064607386334143 0
 0.9264228428548501 0
 0.944068889969149 0
 0.9593547648585249 0
 0.9722422528357546 0
 0.982699135180895 0
 0.9906992696880832 0
 0.9962226560210513 0
 0.9992554857139668 0
 0.9997901766925975 0
 0.9978253922294968 0
 0.9933660442858224 0
 0.9864232812314335 0
 0.9770144599739662 0
 0.9651631025665639 0
 0.9508988374027453 0
 0.9342573251454198 0
 0.915280169575231 0
 0.8940148135811041 0
 0.8705144205530245 0
 0.8448377414735624 0
 0.8170489680404164 0
 0.7872175721871695 0
 0.7554181324034547 0
 0.7217301472887312 0
 0.6862378368057859 0
 0.6490299317308261 0
 0.6101994518265393 0
 0.5698434732926863 0
 0.5280628860756015 0
 0.4849621416433276 0
 0.4406489918569455 0
 0.3952342195909211 0
 0.3488313617759193 0
 0.3015564255564778 0
 0.253527598273145 0
 0.2048649519941294 0
 0.1556901433351284 0
 0.1061261093177897 0
 0.05629676002715653 0
 0.006326668836455454 0
 -0.04365923902633676 0
 -0.09353599879156313 0
 -0.1431789185598106 0
 -0.1924638910316585 0
 -0.2412677037759274 0
 -0.2894683472607563 0
 -0.3369453198774335 0
 -0.3835799291944171 0
 -0.4292555886884146 0
 -0.4738581092106912 0
 -0.5172759844599409 0
 -0.5594006697480408 0
 -0.6001268533617706 0
 -0.639352719842096 0
 -0.676980204522816 0
 -0.7129152386922292 0
 -0.7470679847649117 0
 -0.7793530608756819 0
 -0.8096897543342631 0
 -0.8380022234070085 0
 -0.8642196869212365 0
 -0.8882766012181614 0
