# Created by Octave 3.6.4, Tue Nov 14 12:10:05 2017 ìåãû (ïWèÄéû) <unknown@L242-FMVdtp>
# name: y2
# type: matrix
# rows: 2001
# columns: 2
 0 1
 0.004 0
 0.007999936000000001 0
 0.011999744001024 0
 0.01599936000614399 0
 0.01999872002150387 0
 0.02399776005734342 0
 0.02799641612902204 0
 0.0319946242580426 0
 0.03599232047307503 0
 0.0399894408109799 0
 0.04398592131783179 0
 0.0479816980499426 0
 0.05197670707488461 0
 0.05597088447251343 0
 0.05996416633599069 0
 0.06395648877280658 0
 0.06794778790580208 0
 0.07193799987419108 0
 0.07592706083458209 0
 0.07991490696199974 0
 0.08390147445090598 0
 0.08788669951622102 0
 0.09187051839434379 0
 0.09585286734417226 0
 0.0998336826481232 0
 0.1038129006131518 0
 0.1077904575717705 0
 0.1117662898830681 0
 0.1157403339337276 0
 0.1197125261390442 0
 0.1236828029439425 0
 0.1276511008239938 0
 0.1316173562864318 0
 0.1355815058711692 0
 0.1395434861518127 0
 0.1435032337366777 0
 0.1474606852698029 0
 0.1514157774319639 0
 0.1553684469416858 0
 0.1593186305562568 0
 0.1632662650727388 0
 0.1672112873289796 0
 0.1711536342046232 0
 0.1750932426221195 0
 0.1790300495477338 0
 0.1829639919925553 0
 0.1868950070135049 0
 0.1908230317143424 0
 0.1947480032466724 0
 0.1986698588109505 0
 0.2025885356574876 0
 0.2065039710874541 0
 0.2104161024538833 0
 0.2143248671626732 0
 0.2182302026735885 0
 0.222132046501261 0
 0.2260303362161896 0
 0.2299250094457387 0
 0.2338160038751366 0
 0.2377032572484726 0
 0.2415867073696926 0
 0.2454662921035948 0
 0.2493419493768232 0
 0.2532136171788616 0
 0.2570812335630252 0
 0.2609447366474517 0
 0.2648040646160919 0
 0.2686591557196982 0
 0.2725099482768131 0
 0.2763563806747555 0
 0.2801983913706072 0
 0.2840359188921969 0
 0.2878689018390844 0
 0.2916972788835425 0
 0.2955209887715383 0
 0.2993399703237138 0
 0.3031541624363642 0
 0.3069635040824155 0
 0.3107679343124015 0
 0.3145673922554385 0
 0.3183618171201995 0
 0.3221511481958866 0
 0.3259353248532027 0
 0.329714286545321 0
 0.3334879728088546 0
 0.3372563232648232 0
 0.3410192776196197 0
 0.3447767756659742 0
 0.3485287572839181 0
 0.3522751624417454 0
 0.3560159311969736 0
 0.3597510036973026 0
 0.3634803201815725 0
 0.3672038209807195 0
 0.3709214465187307 0
 0.3746331373135977 0
 0.3783388339782677 0
 0.3820384772215941 0
 0.385732007849285 0
 0.3894193667648502 0
 0.3931004949705472 0
 0.3967753335683247 0
 0.4004438237607652 0
 0.4041059068520254 0
 0.407761524248776 0
 0.4114106174611386 0
 0.4150531281036218 0
 0.4186889978960554 0
 0.4223181686645227 0
 0.4259405823422913 0
 0.4295561809707424 0
 0.4331649067002981 0
 0.4367667017913465 0
 0.4403615086151662 0
 0.443949269654848 0
 0.4475299275062153 0
 0.4511034248787426 0
 0.4546697045964717 0
 0.4582287095989274 0
 0.4617803829420294 0
 0.4653246677990044 0
 0.4688615074612946 0
 0.4723908453394655 0
 0.475912624964111 0
 0.4794267899867571 0
 0.4829332841807634 0
 0.4864320514422228 0
 0.4899230357908591 0
 0.4934061813709226 0
 0.4968814324520843 0
 0.5003487334303267 0
 0.5038080288288342 0
 0.5072592632988806 0
 0.5107023816207141 0
 0.5141373287044417 0
 0.51756404959091 0
 0.5209824894525847 0
 0.5243925935944283 0
 0.5277943074547742 0
 0.5311875766062009 0
 0.5345723467564019 0
 0.5379485637490546 0
 0.5413161735646874 0
 0.5446751223215431 0
 0.5480253562764417 0
 0.5513668218256398 0
 0.5546994655056887 0
 0.5580232339942894 0
 0.5613380741111462 0
 0.5646439328188173 0
 0.5679407572235633 0
 0.5712284945761936 0
 0.5745070922729108 0
 0.5777764978561515 0
 0.5810366590154266 0
 0.5842875235881573 0
 0.5875290395605106 0
 0.590761155068231 0
 0.5939838183974704 0
 0.5971969779856154 0
 0.6004005824221128 0
 0.6035945804492915 0
 0.6067789209631829 0
 0.6099535530143387 0
 0.6131184258086464 0
 0.6162734887081411 0
 0.6194186912318165 0
 0.6225539830564322 0
 0.6256793140173189 0
 0.6287946341091815 0
 0.6318998934868982 0
 0.6349950424663191 0
 0.6380800315250605 0
 0.6411548113032977 0
 0.644219332604554 0
 0.6472735463964887 0
 0.650317403811681 0
 0.6533508561484123 0
 0.6563738548714451 0
 0.6593863516128 0
 0.6623882981725291 0
 0.6653796465194874 0
 0.6683603487921015 0
 0.6713303572991349 0
 0.6742896245204515 0
 0.6772381031077757 0
 0.68017574588545 0
 0.6831025058511901 0
 0.6860183361768366 0
 0.6889231902091042 0
 0.6918170214703285 0
 0.6946997836592093 0
 0.6975714306515515 0
 0.7004319165010033 0
 0.7032811954397913 0
 0.7061192218794521 0
 0.7089459504115627 0
 0.7117613358084667 0
 0.7145653330239976 0
 0.7173578971942001 0
 0.7201389836380474 0
 0.7229085478581565 0
 0.7256665455414999 0
 0.7284129325601145 0
 0.7311476649718083 0
 0.7338706990208626 0
 0.7365819911387326 0
 0.7392814979447444 0
 0.741969176246789 0
 0.7446449830420137 0
 0.7473088755175097 0
 0.7499608110509974 0
 0.7526007472115084 0
 0.755228641760064 0
 0.7578444526503514 0
 0.7604481380293964 0
 0.7630396562382329 0
 0.7656189658125696 0
 0.7681860254834534 0
 0.7707407941779294 0
 0.7732832310196987 0
 0.7758132953297716 0
 0.7783309466271193 0
 0.7808361446293211 0
 0.7833288492532087 0
 0.7858090206155082 0
 0.7882766190334778 0
 0.7907316050255429 0
 0.7931739393119275 0
 0.7956035828152832 0
 0.7980204966613138 0
 0.8004246421793979 0
 0.8028159809032072 0
 0.805194474571322 0
 0.8075600851278437 0
 0.8099127747230035 0
 0.8122525057137677 0
 0.8145792406644405 0
 0.8168929423472626 0
 0.8191935737430072 0
 0.8214810980415719 0
 0.8237554786425678 0
 0.8260166791559054 0
 0.8282646634023765 0
 0.8304993954142332 0
 0.8327208394357633 0
 0.8349289599238623 0
 0.8371237215486025 0
 0.8393050891937979 0
 0.8414730279575662 0
 0.8436275031528873 0
 0.845768480308158 0
 0.8478959251677438 0
 0.850009803692527 0
 0.852110082060451 0
 0.854196726667062 0
 0.8562697041260463 0
 0.8583289812697645 0
 0.8603745251497825 0
 0.8624063030373981 0
 0.864424282424165 0
 0.8664284310224131 0
 0.8684187167657647 0
 0.8703951078096479 0
 0.8723575725318062 0
 0.8743060795328042 0
 0.8762405976365295 0
 0.8781610958906927 0
 0.8800675435673215 0
 0.8819599101632534 0
 0.8838381654006227 0
 0.8857022792273455 0
 0.8875522218176006 0
 0.8893879635723068 0
 0.8912094751195958 0
 0.8930167273152829 0
 0.894809691243333 0
 0.8965883382163231 0
 0.8983526397759019 0
 0.9001025676932442 0
 0.9018380939695034 0
 0.9035591908362592 0
 0.9052658307559616 0
 0.9069579864223718 0
 0.9086356307609993 0
 0.9102987369295346 0
 0.9119472783182789 0
 0.9135812285505702 0
 0.9152005614832046 0
 0.9168052512068552 0
 0.9183952720464865 0
 0.919970598561765 0
 0.9215312055474665 0
 0.9230770680338791 0
 0.9246081612872033 0
 0.9261244608099468 0
 0.9276259423413173 0
 0.9291125818576105 0
 0.9305843555725939 0
 0.9320412399378881 0
 0.9334832116433434 0
 0.9349102476174123 0
 0.9363223250275192 0
 0.9377194212804256 0
 0.9391015140225916 0
 0.9404685811405331 0
 0.9418206007611765 0
 0.9431575512522077 0
 0.9444794112224189 0
 0.9457861595220505 0
 0.9470777752431296 0
 0.9483542377198049 0
 0.9496155265286765 0
 0.9508616214891237 0
 0.9520925026636269 0
 0.9533081503580874 0
 0.954508545122142 0
 0.9556936677494747 0
 0.9568634992781235 0
 0.9580180209907838 0
 0.9591572144151082 0
 0.9602810613240018 0
 0.9613895437359143 0
 0.9624826439151271 0
 0.9635603443720371 0
 0.9646226278634371 0
 0.9656694773927914 0
 0.9667008762105074 0
 0.967716807814204 0
 0.9687172559489756 0
 0.969702204607652 0
 0.9706716380310547 0
 0.971625540708249 0
 0.9725638973767921 0
 0.9734866930229771 0
 0.9743939128820738 0
 0.9752855424385643 0
 0.9761615674263757 0
 0.9770219738291084 0
 0.9778667478802599 0
 0.9786958760634452 0
 0.9795093451126136 0
